0.2387615240986708
0.5420162893151357
0.2339263932116411
0.9155415412291424
0.3972523364349354
0.6274287845515003
0.10387697591383727
0.17706429695145187
0.6869326200871537
0.31665059348519553
0.32104410508274916
0.3751352950368454
0.5799790976731437
0.5429602440520753
0.6739159284612415
0.18130224183764831
0.5504782348078492
0.4129618107716432
0.6819028268511577
0.10282979735595188
0.6703739557296335
0.5948979395957389
0.13720864360238672
0.7566828473721264
0.4623820087007301
0.5229277010639163
0.19262403192137412
0.02638436324660598
0.6134171026510559
0.8678390602736545
0.49771398265110856
0.18942449340233214
0.20774287337881037
0.0693924648056573
0.5821607082716262
0.7132499874869211
0.7259691797079858
0.8514688710130369
0.412561522369587
0.3094636285367136
0.17418483622761693
0.5484215758196513
0.8077713283958685
0.008715601496897318
0.3569283881349814
0.7595083580223999
0.18791740480547736
0.47287003558849716
0.48836313713569435
0.31800652918885397
0.9535040858458573
0.4963812769285195
0.047937153259379084
0.8125902632187186
0.6435634845782168
0.665416789782876
0.029972757097972536
0.9307761810302849
0.9055975690362511
0.4411140441364654
0.5110440926553036
0.7077195977400585
0.22509620691043153
0.5124613025110032
0.7646655899846654
0.3583705113576692
0.30870435962537013
0.12464317466087571
0.9897279814578146
0.7469748475818088
0.9926513106989507
0.23029359381972958
0.08728269680178347
0.7051332857039246
0.556843346154963
0.7339505735848769
0.8196897113428254
0.3481061328234273
0.3650606036568378
0.8041081491675781
0.11680752905283653
0.2587798266789889
0.8229877096481917
0.21261313834888773
0.2558185414269476
0.9096866303413818
0.7483472838005546
0.9277555259876374
0.1344467565946469
0.9756961401660864
0.3811939471660879
0.7352527522361405
0.8817390026713436
0.2534734544199708
0.4274657190375436
0.49043005813728335
0.6062448324660069
0.7485255998813456
0.725179001780402
0.715250567945775
